X = [100, 121, 144];
F = [10, 11, 12];